"GEOID","NAME","percent_asian","percent_black","percent_white","percent_other","percent_latinx"
"48201100000","Census Tract 1000, Harris County, Texas",0.0752,0.2121,0.6352,0.0775,0.163
"48201210100","Census Tract 2101, Harris County, Texas",0.0011,0.5564,0.4095,0.033,0.2665
"48201210400","Census Tract 2104, Harris County, Texas",0,0.1773,0.6076,0.2151,0.7318
"48201210500","Census Tract 2105, Harris County, Texas",0,0.1181,0.6148,0.2671,0.8326
"48201210600","Census Tract 2106, Harris County, Texas",0,0.0167,0.7721,0.2112,0.8078
"48201210700","Census Tract 2107, Harris County, Texas",0.0033,0.1362,0.5649,0.2956,0.8137
"48201210800","Census Tract 2108, Harris County, Texas",0,0.3277,0.4911,0.1813,0.6253
"48201210900","Census Tract 2109, Harris County, Texas",0,0.6985,0.1447,0.1568,0.2371
"48201211000","Census Tract 2110, Harris County, Texas",0.0131,0.5319,0.3268,0.1282,0.4409
"48201211100","Census Tract 2111, Harris County, Texas",0.0079,0.3848,0.51,0.0973,0.5872
"48201211200","Census Tract 2112, Harris County, Texas",0,0.6834,0.2338,0.0828,0.2908
"48201211300","Census Tract 2113, Harris County, Texas",0,0.5839,0.1692,0.2469,0.3835
"48201211400","Census Tract 2114, Harris County, Texas",0.0121,0.4491,0.308,0.2308,0.4308
"48201211500","Census Tract 2115, Harris County, Texas",0,0.0423,0.6371,0.3206,0.9415
"48201211600","Census Tract 2116, Harris County, Texas",0,0.2034,0.4051,0.3915,0.749
"48201211700","Census Tract 2117, Harris County, Texas",0.029,0.5101,0.4003,0.0606,0.4343
"48201211900","Census Tract 2119, Harris County, Texas",0,0.0024,0.6877,0.3099,0.9761
"48201212300","Census Tract 2123, Harris County, Texas",0.0016,0.0385,0.6013,0.3586,0.8669
"48201212400","Census Tract 2124, Harris County, Texas",0,0.056,0.5127,0.4313,0.9144
"48201212500","Census Tract 2125, Harris County, Texas",0,0.5241,0.4442,0.0317,0.4227
"48201220100","Census Tract 2201, Harris County, Texas",0,0.4728,0.3595,0.1677,0.5234
"48201220200","Census Tract 2202, Harris County, Texas",0,0.0287,0.8458,0.1255,0.8995
"48201220300","Census Tract 2203, Harris County, Texas",0.0149,0.0219,0.8467,0.1165,0.9078
"48201220400","Census Tract 2204, Harris County, Texas",0,0.0576,0.8707,0.0717,0.8843
"48201220500","Census Tract 2205, Harris County, Texas",0.0305,0.1715,0.7382,0.0598,0.706
"48201220600","Census Tract 2206, Harris County, Texas",0,0.1643,0.7183,0.1173,0.8065
"48201220700","Census Tract 2207, Harris County, Texas",0,0.151,0.8145,0.0346,0.7964
"48201220800","Census Tract 2208, Harris County, Texas",0,0.4488,0.5512,0,0.5334
"48201220900","Census Tract 2209, Harris County, Texas",0,0.1744,0.8023,0.0234,0.7134
"48201221000","Census Tract 2210, Harris County, Texas",0,0.0916,0.8726,0.0358,0.8249
"48201221100","Census Tract 2211, Harris County, Texas",0,0.007,0.9299,0.0631,0.9042
"48201221200","Census Tract 2212, Harris County, Texas",0,0.0434,0.8988,0.0578,0.9181
"48201221300","Census Tract 2213, Harris County, Texas",0.0119,0.0069,0.867,0.1142,0.9445
"48201221400","Census Tract 2214, Harris County, Texas",0,0.0217,0.9526,0.0257,0.9162
"48201221500","Census Tract 2215, Harris County, Texas",0.0061,0.1337,0.7986,0.0616,0.812
"48201221600","Census Tract 2216, Harris County, Texas",0.0015,0.0133,0.9147,0.0705,0.9317
"48201221700","Census Tract 2217, Harris County, Texas",0,0,0.9581,0.0419,0.9523
"48201221800","Census Tract 2218, Harris County, Texas",0.0132,0,0.9213,0.0655,0.9352
"48201221900","Census Tract 2219, Harris County, Texas",0,0,0.9977,0.0023,0.9668
"48201222000","Census Tract 2220, Harris County, Texas",0,0.0761,0.8144,0.1096,0.838
"48201222100","Census Tract 2221, Harris County, Texas",0,9e-04,0.9633,0.0358,0.9437
"48201222200","Census Tract 2222, Harris County, Texas",0.0025,0.0607,0.8551,0.0817,0.8191
"48201222300","Census Tract 2223, Harris County, Texas",0.0083,0.0085,0.9454,0.0377,0.9375
"48201222401","Census Tract 2224.01, Harris County, Texas",0.0105,0.0012,0.9582,0.0301,0.9176
"48201222402","Census Tract 2224.02, Harris County, Texas",0.0026,0.0213,0.9055,0.0706,0.8786
"48201222501","Census Tract 2225.01, Harris County, Texas",0.025,0.0589,0.8902,0.0258,0.928
"48201222502","Census Tract 2225.02, Harris County, Texas",0.0292,0.024,0.854,0.0928,0.8436
"48201222503","Census Tract 2225.03, Harris County, Texas",0.0048,0.0493,0.8965,0.0494,0.9078
"48201222600","Census Tract 2226, Harris County, Texas",0.0369,0.1914,0.7193,0.0524,0.7487
"48201222700","Census Tract 2227, Harris County, Texas",0.0115,0.7327,0.1624,0.0935,0.2414
"48201222800","Census Tract 2228, Harris County, Texas",0.0294,0.0035,0.9521,0.015,0.8915
"48201222900","Census Tract 2229, Harris County, Texas",0.0017,0.0952,0.8483,0.0547,0.8546
"48201223001","Census Tract 2230.01, Harris County, Texas",0.0017,0.1136,0.8594,0.0254,0.8449
"48201223002","Census Tract 2230.02, Harris County, Texas",0.0101,0.098,0.8495,0.0424,0.8599
"48201223100","Census Tract 2231, Harris County, Texas",0.0052,0.0285,0.6879,0.2784,0.7882
"48201230100","Census Tract 2301, Harris County, Texas",0.0016,0.6884,0.2156,0.0944,0.2807
"48201230200","Census Tract 2302, Harris County, Texas",0,0.7584,0.2143,0.0273,0.2095
"48201230300","Census Tract 2303, Harris County, Texas",0.0069,0.6654,0.2715,0.0561,0.311
"48201230400","Census Tract 2304, Harris County, Texas",0.0295,0.4595,0.5047,0.0063,0.4791
"48201230500","Census Tract 2305, Harris County, Texas",0.0272,0.0975,0.8264,0.0489,0.8346
"48201230600","Census Tract 2306, Harris County, Texas",0,0.5627,0.3988,0.0385,0.4362
"48201230700","Census Tract 2307, Harris County, Texas",0.0025,0.641,0.3,0.0565,0.337
"48201230800","Census Tract 2308, Harris County, Texas",0,0.5926,0.2896,0.1178,0.4104
"48201230900","Census Tract 2309, Harris County, Texas",0,0.7387,0.1919,0.0694,0.2481
"48201231000","Census Tract 2310, Harris County, Texas",0,0.5213,0.4109,0.0678,0.4065
"48201231100","Census Tract 2311, Harris County, Texas",0,0.2655,0.6305,0.104,0.6615
"48201231200","Census Tract 2312, Harris County, Texas",0,0.7064,0.2729,0.0207,0.2395
"48201231300","Census Tract 2313, Harris County, Texas",0,0.6517,0.2947,0.0536,0.3436
"48201231400","Census Tract 2314, Harris County, Texas",0,0.8347,0.0575,0.1079,0.1569
"48201231500","Census Tract 2315, Harris County, Texas",0,0.874,0.116,0.01,0.1407
"48201231600","Census Tract 2316, Harris County, Texas",0,0.6657,0.3137,0.0206,0.3251
"48201231700","Census Tract 2317, Harris County, Texas",0.0041,0.0596,0.9099,0.0264,0.9047
"48201231800","Census Tract 2318, Harris County, Texas",0,0.2918,0.6629,0.0453,0.6765
"48201231900","Census Tract 2319, Harris County, Texas",0,0.6464,0.3264,0.0272,0.3443
"48201232000","Census Tract 2320, Harris County, Texas",0,0.4023,0.5577,0.04,0.5903
"48201232100","Census Tract 2321, Harris County, Texas",0,0.2156,0.7136,0.0708,0.7248
"48201232200","Census Tract 2322, Harris County, Texas",0.0506,0.2733,0.5649,0.1111,0.3661
"48201232301","Census Tract 2323.01, Harris County, Texas",0.0021,0.3337,0.6231,0.0411,0.5463
"48201232302","Census Tract 2323.02, Harris County, Texas",0.0067,0.3258,0.5797,0.0879,0.6095
"48201232401","Census Tract 2324.01, Harris County, Texas",0.0384,0.2381,0.6238,0.0997,0.6225
"48201232402","Census Tract 2324.02, Harris County, Texas",0.0294,0.273,0.5918,0.1058,0.5787
"48201232403","Census Tract 2324.03, Harris County, Texas",0.0201,0.2306,0.6842,0.065,0.7088
"48201232500","Census Tract 2325, Harris County, Texas",0,0.2557,0.7015,0.0429,0.6037
"48201232600","Census Tract 2326, Harris County, Texas",0.0172,0.0612,0.8649,0.0567,0.7874
"48201232701","Census Tract 2327.01, Harris County, Texas",0.0022,0.2284,0.7445,0.0249,0.732
"48201232702","Census Tract 2327.02, Harris County, Texas",0,0.3028,0.6284,0.0688,0.6095
"48201232800","Census Tract 2328, Harris County, Texas",0.0128,0.3049,0.6045,0.0778,0.6138
"48201232900","Census Tract 2329, Harris County, Texas",0.0577,0.4417,0.4607,0.0398,0.4299
"48201233001","Census Tract 2330.01, Harris County, Texas",0,0.3802,0.5357,0.0841,0.4511
"48201233002","Census Tract 2330.02, Harris County, Texas",0.0865,0.3215,0.5098,0.0821,0.4776
"48201233003","Census Tract 2330.03, Harris County, Texas",0.0043,0.0712,0.829,0.0955,0.6204
"48201233101","Census Tract 2331.01, Harris County, Texas",0,0.052,0.8481,0.0998,0.7948
"48201233102","Census Tract 2331.02, Harris County, Texas",0,0,0.9465,0.0535,0.8911
"48201233103","Census Tract 2331.03, Harris County, Texas",0.002,0.0121,0.9596,0.0263,0.8937
"48201233200","Census Tract 2332, Harris County, Texas",0.0103,0.022,0.9223,0.0454,0.8206
"48201233300","Census Tract 2333, Harris County, Texas",0,0,0.8977,0.1023,0.9343
"48201233400","Census Tract 2334, Harris County, Texas",0,0.1053,0.8434,0.0513,0.7905
"48201233500","Census Tract 2335, Harris County, Texas",0,0.0134,0.9185,0.068,0.8942
"48201233600","Census Tract 2336, Harris County, Texas",0,0.4699,0.4894,0.0408,0.5125
"48201233701","Census Tract 2337.01, Harris County, Texas",0,0.1668,0.7492,0.084,0.7205
"48201233702","Census Tract 2337.02, Harris County, Texas",0,0.0128,0.8281,0.1591,0.9536
"48201233703","Census Tract 2337.03, Harris County, Texas",0,0.0307,0.8554,0.1139,0.8426
"48201240100","Census Tract 2401, Harris County, Texas",0.0131,0.2142,0.59,0.1826,0.5954
"48201240400","Census Tract 2404, Harris County, Texas",0.0099,0.1978,0.6572,0.1351,0.6141
"48201240501","Census Tract 2405.01, Harris County, Texas",0.0162,0.3223,0.5535,0.108,0.6227
"48201240502","Census Tract 2405.02, Harris County, Texas",0.0085,0.2945,0.622,0.0749,0.6809
"48201240600","Census Tract 2406, Harris County, Texas",0,0.3355,0.6201,0.0444,0.6599
"48201240701","Census Tract 2407.01, Harris County, Texas",0.0256,0.3379,0.5304,0.106,0.556
"48201240702","Census Tract 2407.02, Harris County, Texas",0.0219,0.3333,0.4963,0.1485,0.5275
"48201240801","Census Tract 2408.01, Harris County, Texas",0,0.3432,0.4872,0.1696,0.4499
"48201240802","Census Tract 2408.02, Harris County, Texas",0.0165,0.4515,0.4492,0.0828,0.3802
"48201240901","Census Tract 2409.01, Harris County, Texas",0.0059,0.3451,0.5459,0.1031,0.4755
"48201240902","Census Tract 2409.02, Harris County, Texas",0.0547,0.3813,0.533,0.0309,0.3976
"48201241000","Census Tract 2410, Harris County, Texas",0.0215,0.2331,0.6186,0.1269,0.3132
"48201241101","Census Tract 2411.01, Harris County, Texas",0.0132,0.1678,0.6679,0.1512,0.3933
"48201241102","Census Tract 2411.02, Harris County, Texas",0.0103,0.2811,0.5432,0.1654,0.38
"48201241103","Census Tract 2411.03, Harris County, Texas",0.0023,0.2024,0.6814,0.1139,0.4212
"48201241200","Census Tract 2412, Harris County, Texas",0.046,0.2933,0.5818,0.0789,0.3585
"48201241300","Census Tract 2413, Harris County, Texas",0.0675,0.2017,0.6199,0.1109,0.2308
"48201241400","Census Tract 2414, Harris County, Texas",0.0181,0.1612,0.7725,0.0483,0.2362
"48201241500","Census Tract 2415, Harris County, Texas",0.0138,0.4031,0.4669,0.1162,0.437
"48201250100","Census Tract 2501, Harris County, Texas",0.0256,0.3187,0.4641,0.1916,0.4757
"48201250200","Census Tract 2502, Harris County, Texas",0.0153,0.4114,0.4555,0.1178,0.4649
"48201250301","Census Tract 2503.01, Harris County, Texas",0.0225,0.4951,0.4267,0.0557,0.3097
"48201250302","Census Tract 2503.02, Harris County, Texas",0.0384,0.2629,0.6384,0.0602,0.3685
"48201250401","Census Tract 2504.01, Harris County, Texas",0.0205,0.1842,0.7199,0.0754,0.3514
"48201250402","Census Tract 2504.02, Harris County, Texas",0.0176,0.216,0.7192,0.0472,0.2374
"48201250500","Census Tract 2505, Harris County, Texas",0.0507,0.2014,0.6679,0.08,0.278
"48201250600","Census Tract 2506, Harris County, Texas",0.0042,0.353,0.6001,0.0427,0.4163
"48201250701","Census Tract 2507.01, Harris County, Texas",0.0261,0.1219,0.7795,0.0725,0.3022
"48201250702","Census Tract 2507.02, Harris County, Texas",0.0523,0.0962,0.7167,0.1347,0.2681
"48201250800","Census Tract 2508, Harris County, Texas",0.0322,0.0696,0.8315,0.0668,0.1044
"48201250900","Census Tract 2509, Harris County, Texas",0.0258,0.0166,0.9342,0.0234,0.1072
"48201251000","Census Tract 2510, Harris County, Texas",0.0761,0.0687,0.8043,0.0509,0.2001
"48201251100","Census Tract 2511, Harris County, Texas",0.0066,0.0401,0.8159,0.1373,0.2244
"48201251200","Census Tract 2512, Harris County, Texas",0.0533,0.0534,0.83,0.0633,0.2456
"48201251300","Census Tract 2513, Harris County, Texas",0.0048,0.0264,0.909,0.0598,0.1377
"48201251401","Census Tract 2514.01, Harris County, Texas",0.0264,0.0901,0.8339,0.0495,0.1848
"48201251402","Census Tract 2514.02, Harris County, Texas",0.0397,0.0032,0.8995,0.0576,0.2542
"48201251501","Census Tract 2515.01, Harris County, Texas",0.1288,0.016,0.8139,0.0413,0.1051
"48201251502","Census Tract 2515.02, Harris County, Texas",0.0214,0.0159,0.915,0.0477,0.13
"48201251503","Census Tract 2515.03, Harris County, Texas",0.0404,0.0762,0.843,0.0404,0.102
"48201251600","Census Tract 2516, Harris County, Texas",0,0.0106,0.965,0.0244,0.2362
"48201251700","Census Tract 2517, Harris County, Texas",0.0029,0.0249,0.9405,0.0316,0.2019
"48201251800","Census Tract 2518, Harris County, Texas",0.0034,0.0107,0.9722,0.0137,0.3166
"48201251901","Census Tract 2519.01, Harris County, Texas",0.0034,0.0379,0.89,0.0687,0.2702
"48201251902","Census Tract 2519.02, Harris County, Texas",0.0167,0.107,0.807,0.0693,0.1776
"48201252000","Census Tract 2520, Harris County, Texas",0.0278,0.2866,0.6211,0.0646,0.2593
"48201252100","Census Tract 2521, Harris County, Texas",0.0096,0.1894,0.7801,0.0209,0.5456
"48201252200","Census Tract 2522, Harris County, Texas",0.0406,0.2047,0.6782,0.0766,0.5814
"48201252301","Census Tract 2523.01, Harris County, Texas",0.0036,0.3608,0.5784,0.0572,0.533
"48201252302","Census Tract 2523.02, Harris County, Texas",0.0111,0.1845,0.7228,0.0816,0.7111
"48201252400","Census Tract 2524, Harris County, Texas",0,0.0224,0.931,0.0466,0.6383
"48201252500","Census Tract 2525, Harris County, Texas",0,0.0086,0.9594,0.0321,0.7172
"48201252600","Census Tract 2526, Harris County, Texas",0,0,0.9531,0.0469,0.7423
"48201252700","Census Tract 2527, Harris County, Texas",0.0115,0.0885,0.8508,0.0493,0.3216
"48201252800","Census Tract 2528, Harris County, Texas",0.0251,0.377,0.5197,0.0782,0.316
"48201252900","Census Tract 2529, Harris County, Texas",0.009,0.0797,0.8635,0.0478,0.373
"48201253000","Census Tract 2530, Harris County, Texas",0,0.3007,0.6218,0.0775,0.418
"48201253100","Census Tract 2531, Harris County, Texas",0.0294,0.197,0.7297,0.0439,0.4794
"48201253200","Census Tract 2532, Harris County, Texas",0.0017,0.1346,0.787,0.0767,0.3272
"48201253300","Census Tract 2533, Harris County, Texas",0.0225,0.0749,0.764,0.1386,0.4039
"48201253400","Census Tract 2534, Harris County, Texas",0.0161,0.0257,0.8796,0.0787,0.3114
"48201253500","Census Tract 2535, Harris County, Texas",0.0477,0.3081,0.5771,0.0671,0.3604
"48201253600","Census Tract 2536, Harris County, Texas",0.0361,0.1829,0.6999,0.0811,0.4769
"48201253700","Census Tract 2537, Harris County, Texas",0.0416,0.2126,0.6597,0.086,0.4464
"48201253800","Census Tract 2538, Harris County, Texas",0.0107,0.0851,0.8326,0.0715,0.5155
"48201253900","Census Tract 2539, Harris County, Texas",0.0109,0.0864,0.8033,0.0994,0.3238
"48201254000","Census Tract 2540, Harris County, Texas",0.0107,0.2746,0.6818,0.033,0.2857
"48201254100","Census Tract 2541, Harris County, Texas",0,0.1699,0.7,0.13,0.5756
"48201254200","Census Tract 2542, Harris County, Texas",0,0.063,0.7473,0.1897,0.7683
"48201254300","Census Tract 2543, Harris County, Texas",0,0.144,0.7088,0.1471,0.6199
"48201254400","Census Tract 2544, Harris County, Texas",0.005,0.0724,0.7997,0.1229,0.8014
"48201254500","Census Tract 2545, Harris County, Texas",0.0053,0.2284,0.567,0.1993,0.7054
"48201254600","Census Tract 2546, Harris County, Texas",0.0019,0.0867,0.6659,0.2455,0.7412
"48201254700","Census Tract 2547, Harris County, Texas",0.0217,0.1306,0.753,0.0947,0.3634
"48201310100","Census Tract 3101, Harris County, Texas",0.0389,0.3556,0.4729,0.1326,0.3663
"48201310200","Census Tract 3102, Harris County, Texas",0.0957,0.1647,0.5622,0.1773,0.2437
"48201310300","Census Tract 3103, Harris County, Texas",0.0076,0.0469,0.6376,0.3079,0.7252
"48201310400","Census Tract 3104, Harris County, Texas",0,0.0163,0.7603,0.2233,0.9376
"48201310500","Census Tract 3105, Harris County, Texas",0.0185,0.0378,0.7468,0.1969,0.9022
"48201310600","Census Tract 3106, Harris County, Texas",0.0178,0.0799,0.7107,0.1916,0.7966
"48201310700","Census Tract 3107, Harris County, Texas",0,0.0076,0.6715,0.3208,0.8433
"48201310800","Census Tract 3108, Harris County, Texas",0.014,0.0288,0.6394,0.3178,0.8645
"48201310900","Census Tract 3109, Harris County, Texas",0.0171,0.0108,0.6841,0.2879,0.9307
"48201311000","Census Tract 3110, Harris County, Texas",0,0,0.7537,0.2463,0.9559
"48201311100","Census Tract 3111, Harris County, Texas",0,0.0149,0.6446,0.3405,0.9753
"48201311200","Census Tract 3112, Harris County, Texas",0.0018,0.0238,0.779,0.1954,0.8915
"48201311300","Census Tract 3113, Harris County, Texas",0.0326,0.0022,0.7351,0.2301,0.9532
"48201311400","Census Tract 3114, Harris County, Texas",0,0.1596,0.4349,0.4055,0.8362
"48201311500","Census Tract 3115, Harris County, Texas",0.0127,0.0145,0.6761,0.2967,0.9531
"48201311600","Census Tract 3116, Harris County, Texas",0.0229,0.0676,0.4193,0.4902,0.8871
"48201311700","Census Tract 3117, Harris County, Texas",0.0087,0.0974,0.702,0.192,0.8751
"48201311800","Census Tract 3118, Harris County, Texas",0.0375,0.0122,0.6314,0.3189,0.9119
"48201311900","Census Tract 3119, Harris County, Texas",0.0297,0.0249,0.6076,0.3378,0.8488
"48201312000","Census Tract 3120, Harris County, Texas",0.1512,0.3265,0.4608,0.0615,0.1416
"48201312100","Census Tract 3121, Harris County, Texas",0.1873,0.2238,0.5615,0.0273,0.1749
"48201312200","Census Tract 3122, Harris County, Texas",0.0026,0.9268,0.0655,0.0052,0.0474
"48201312300","Census Tract 3123, Harris County, Texas",0.0239,0.6443,0.285,0.0468,0.1944
"48201312400","Census Tract 3124, Harris County, Texas",0,0.8682,0.0997,0.0321,0.1148
"48201312500","Census Tract 3125, Harris County, Texas",0.1254,0.2,0.6167,0.0579,0.1853
"48201312600","Census Tract 3126, Harris County, Texas",0.1445,0.1182,0.6584,0.079,0.1922
"48201312700","Census Tract 3127, Harris County, Texas",0.0222,0.7724,0.1759,0.0295,0.0474
"48201312800","Census Tract 3128, Harris County, Texas",0.0462,0.748,0.1763,0.0295,0.1159
"48201312900","Census Tract 3129, Harris County, Texas",0.0365,0.8076,0.1291,0.0268,0.0294
"48201313000","Census Tract 3130, Harris County, Texas",0.0088,0.7368,0.2072,0.0471,0.1071
"48201313100","Census Tract 3131, Harris County, Texas",0.1773,0.1358,0.6616,0.0252,0.1193
"48201313200","Census Tract 3132, Harris County, Texas",0.0533,0.7406,0.1993,0.0068,0.0653
"48201313300","Census Tract 3133, Harris County, Texas",0.0072,0.7664,0.2023,0.0241,0.1445
"48201313400","Census Tract 3134, Harris County, Texas",0.0131,0.79,0.1494,0.0474,0.1094
"48201313500","Census Tract 3135, Harris County, Texas",0,0.7385,0.2285,0.033,0.2213
"48201313600","Census Tract 3136, Harris County, Texas",0.0196,0.7101,0.2299,0.0404,0.209
"48201313700","Census Tract 3137, Harris County, Texas",0.0068,0.8475,0.1398,0.0059,0.0982
"48201313800","Census Tract 3138, Harris County, Texas",0.0043,0.8794,0.1125,0.0038,0.1351
"48201313900","Census Tract 3139, Harris County, Texas",0.2083,0.3041,0.4452,0.0424,0.1218
"48201314001","Census Tract 3140.01, Harris County, Texas",0.3936,0.1392,0.4087,0.0585,0.1329
"48201314002","Census Tract 3140.02, Harris County, Texas",0.3949,0.1826,0.3927,0.0298,0.0547
"48201314300","Census Tract 3143, Harris County, Texas",0.0388,0.8136,0.1185,0.029,0.0722
"48201314400","Census Tract 3144, Harris County, Texas",0.4828,0.0292,0.4338,0.0542,0.0992
"48201320100","Census Tract 3201, Harris County, Texas",0.0274,0.0466,0.6467,0.2793,0.9018
"48201320200","Census Tract 3202, Harris County, Texas",0.0999,0.0072,0.5906,0.3024,0.8341
"48201320500","Census Tract 3205, Harris County, Texas",0.0177,0.0026,0.7124,0.2673,0.8955
"48201320601","Census Tract 3206.01, Harris County, Texas",0.004,0.0482,0.6803,0.2675,0.9128
"48201320602","Census Tract 3206.02, Harris County, Texas",0,0.0359,0.6294,0.3347,0.905
"48201320700","Census Tract 3207, Harris County, Texas",0.0621,0.152,0.6033,0.1826,0.7244
"48201320800","Census Tract 3208, Harris County, Texas",0,0.0052,0.8453,0.1495,0.9302
"48201320900","Census Tract 3209, Harris County, Texas",0.0034,0.0469,0.8379,0.1118,0.8563
"48201321000","Census Tract 3210, Harris County, Texas",0.0055,0.0899,0.8131,0.0914,0.8207
"48201321100","Census Tract 3211, Harris County, Texas",0.0798,0.1406,0.6804,0.0992,0.622
"48201321200","Census Tract 3212, Harris County, Texas",0.0196,0.0983,0.7953,0.0868,0.7834
"48201321300","Census Tract 3213, Harris County, Texas",0.0059,0.089,0.8417,0.0634,0.8194
"48201321401","Census Tract 3214.01, Harris County, Texas",0.0045,0.0017,0.8383,0.1555,0.9273
"48201321402","Census Tract 3214.02, Harris County, Texas",0,0,0.8243,0.1757,0.8776
"48201321500","Census Tract 3215, Harris County, Texas",0,0.037,0.8345,0.1285,0.9106
"48201321600","Census Tract 3216, Harris County, Texas",0.003,0.0143,0.8488,0.1338,0.849
"48201321700","Census Tract 3217, Harris County, Texas",0.0055,0.0044,0.793,0.1971,0.8203
"48201321800","Census Tract 3218, Harris County, Texas",0,0.0065,0.6847,0.3088,0.942
"48201321900","Census Tract 3219, Harris County, Texas",0.0027,0.0048,0.9312,0.0613,0.8988
"48201322000","Census Tract 3220, Harris County, Texas",0,0.0393,0.875,0.0857,0.8522
"48201322100","Census Tract 3221, Harris County, Texas",0,0.0061,0.964,0.0299,0.8813
"48201322200","Census Tract 3222, Harris County, Texas",0.0061,0.0024,0.8708,0.1206,0.8861
"48201322600","Census Tract 3226, Harris County, Texas",0.0011,0.0205,0.9336,0.0448,0.7172
"48201322700","Census Tract 3227, Harris County, Texas",0,0.0146,0.9297,0.0557,0.7738
"48201322800","Census Tract 3228, Harris County, Texas",0.0089,0,0.9623,0.0289,0.8871
"48201322900","Census Tract 3229, Harris County, Texas",0,0,0.9761,0.0239,0.9248
"48201323000","Census Tract 3230, Harris County, Texas",1e-04,0.007,0.9274,0.0655,0.938
"48201323100","Census Tract 3231, Harris County, Texas",0,0.0814,0.8979,0.0207,0.865
"48201323200","Census Tract 3232, Harris County, Texas",0.0096,0.0248,0.894,0.0716,0.7723
"48201323300","Census Tract 3233, Harris County, Texas",0.0066,0.0613,0.9006,0.0314,0.7764
"48201323400","Census Tract 3234, Harris County, Texas",0.0123,0.0138,0.9225,0.0514,0.8905
"48201323500","Census Tract 3235, Harris County, Texas",0,0.1194,0.8212,0.0594,0.7761
"48201323600","Census Tract 3236, Harris County, Texas",0.0367,0.0356,0.8247,0.103,0.5903
"48201323701","Census Tract 3237.01, Harris County, Texas",0.0132,0.0286,0.8717,0.0865,0.5946
"48201323702","Census Tract 3237.02, Harris County, Texas",0.071,9e-04,0.9259,0.0022,0.558
"48201323801","Census Tract 3238.01, Harris County, Texas",0,0,0.9652,0.0348,0.7751
"48201323802","Census Tract 3238.02, Harris County, Texas",0.0118,0.0197,0.8623,0.1062,0.7714
"48201323900","Census Tract 3239, Harris County, Texas",0.0084,0.0481,0.8768,0.0668,0.6017
"48201324000","Census Tract 3240, Harris County, Texas",0.0649,0.0127,0.8892,0.0332,0.4874
"48201324100","Census Tract 3241, Harris County, Texas",0,0.0221,0.909,0.0688,0.9004
"48201324200","Census Tract 3242, Harris County, Texas",0,0.0147,0.7019,0.2833,0.9466
"48201330100","Census Tract 3301, Harris County, Texas",0.0027,0.5793,0.3824,0.0356,0.4056
"48201330200","Census Tract 3302, Harris County, Texas",0,0.3855,0.5685,0.046,0.5829
"48201330301","Census Tract 3303.01, Harris County, Texas",0.027,0.2244,0.5723,0.1763,0.7189
"48201330302","Census Tract 3303.02, Harris County, Texas",0.0095,0.3755,0.4839,0.131,0.5772
"48201330303","Census Tract 3303.03, Harris County, Texas",0.0057,0.3765,0.5498,0.0681,0.4564
"48201330400","Census Tract 3304, Harris County, Texas",0,0.3619,0.5684,0.0697,0.583
"48201330500","Census Tract 3305, Harris County, Texas",0.0297,0.3438,0.5436,0.0829,0.6034
"48201330600","Census Tract 3306, Harris County, Texas",0,0.4955,0.4284,0.0761,0.4791
"48201330700","Census Tract 3307, Harris County, Texas",0.023,0.3319,0.5748,0.0703,0.603
"48201330800","Census Tract 3308, Harris County, Texas",0.022,0.6086,0.3119,0.0575,0.3277
"48201330900","Census Tract 3309, Harris County, Texas",0.0237,0.5092,0.4146,0.0525,0.4085
"48201331100","Census Tract 3311, Harris County, Texas",0,0.569,0.3146,0.1164,0.4002
"48201331200","Census Tract 3312, Harris County, Texas",0.0071,0.9197,0.0558,0.0173,0.0467
"48201331300","Census Tract 3313, Harris County, Texas",0.0029,0.7803,0.1835,0.0333,0.1983
"48201331400","Census Tract 3314, Harris County, Texas",0.0315,0.8728,0,0.0957,0
"48201331500","Census Tract 3315, Harris County, Texas",0.0019,0.812,0.1263,0.0598,0.1347
"48201331601","Census Tract 3316.01, Harris County, Texas",0.0133,0.8716,0.0837,0.0314,0.0961
"48201331602","Census Tract 3316.02, Harris County, Texas",0.0694,0.705,0.1501,0.0755,0.2143
"48201331700","Census Tract 3317, Harris County, Texas",0.0081,0.7123,0.1468,0.1328,0.2708
"48201331800","Census Tract 3318, Harris County, Texas",0.005,0.7877,0.1762,0.0311,0.1686
"48201331900","Census Tract 3319, Harris County, Texas",0,0.7315,0.2334,0.0351,0.2567
"48201332000","Census Tract 3320, Harris County, Texas",0.0088,0.6893,0.2419,0.06,0.2982
"48201332100","Census Tract 3321, Harris County, Texas",0,0.3802,0.5669,0.053,0.6212
"48201332200","Census Tract 3322, Harris County, Texas",0,0.5926,0.351,0.0564,0.4092
"48201332300","Census Tract 3323, Harris County, Texas",0,0.6825,0.2654,0.0521,0.3112
"48201332400","Census Tract 3324, Harris County, Texas",0,0.7628,0.1609,0.0763,0.1823
"48201332500","Census Tract 3325, Harris County, Texas",0,0.4198,0.5005,0.0797,0.5226
"48201332600","Census Tract 3326, Harris County, Texas",0.0018,0.3104,0.5105,0.1773,0.6441
"48201332700","Census Tract 3327, Harris County, Texas",0.009,0.0043,0.8603,0.1264,0.9636
"48201332800","Census Tract 3328, Harris County, Texas",0,0.1337,0.7563,0.11,0.8246
"48201332900","Census Tract 3329, Harris County, Texas",0.0066,0.0448,0.8045,0.144,0.8997
"48201333000","Census Tract 3330, Harris County, Texas",0,0.0382,0.7045,0.2573,0.8823
"48201333100","Census Tract 3331, Harris County, Texas",0.2515,0.1468,0.5485,0.0533,0.5325
"48201333201","Census Tract 3332.01, Harris County, Texas",0.0307,0.2426,0.4138,0.3129,0.6758
"48201333202","Census Tract 3332.02, Harris County, Texas",0.025,0.432,0.368,0.175,0.504
"48201333300","Census Tract 3333, Harris County, Texas",0.0216,0.116,0.7328,0.1295,0.795
"48201333500","Census Tract 3335, Harris County, Texas",0,0.2529,0.5516,0.1955,0.6823
"48201333600","Census Tract 3336, Harris County, Texas",0.0085,0.0546,0.4858,0.451,0.7707
"48201333700","Census Tract 3337, Harris County, Texas",0.0491,0.0443,0.7114,0.1952,0.8292
"48201333800","Census Tract 3338, Harris County, Texas",0.0204,0.1556,0.6712,0.1529,0.778
"48201333901","Census Tract 3339.01, Harris County, Texas",0.1757,0.1235,0.5403,0.1604,0.5805
"48201333902","Census Tract 3339.02, Harris County, Texas",0.0575,0.1276,0.6949,0.12,0.6583
"48201334001","Census Tract 3340.01, Harris County, Texas",0.1807,0.3831,0.3748,0.0614,0.3396
"48201334002","Census Tract 3340.02, Harris County, Texas",0.0483,0.3926,0.5351,0.024,0.3661
"48201334003","Census Tract 3340.03, Harris County, Texas",0.0807,0.2109,0.6291,0.0793,0.5151
"48201334100","Census Tract 3341, Harris County, Texas",0.0543,0.5504,0.3156,0.0796,0.2522
"48201340100","Census Tract 3401, Harris County, Texas",0.1551,0.179,0.6373,0.0286,0.4058
"48201340201","Census Tract 3402.01, Harris County, Texas",0.2484,0.0576,0.6624,0.0317,0.2031
"48201340202","Census Tract 3402.02, Harris County, Texas",0.2547,0.0181,0.6977,0.0295,0.1626
"48201340203","Census Tract 3402.03, Harris County, Texas",0.1795,0.0273,0.7473,0.0459,0.0712
"48201340301","Census Tract 3403.01, Harris County, Texas",0.2112,0.0327,0.7408,0.0152,0.0895
"48201340302","Census Tract 3403.02, Harris County, Texas",0.1109,0.0205,0.7996,0.069,0.1894
"48201340400","Census Tract 3404, Harris County, Texas",0.0622,0.0273,0.8484,0.0622,0.0751
"48201340500","Census Tract 3405, Harris County, Texas",0.0697,0.0986,0.7603,0.0715,0.3154
"48201340600","Census Tract 3406, Harris County, Texas",0.0486,0.0275,0.9047,0.0191,0.1782
"48201340700","Census Tract 3407, Harris County, Texas",0.0693,0.112,0.624,0.1948,0.3251
"48201340800","Census Tract 3408, Harris County, Texas",0.1562,0.0732,0.7416,0.0291,0.1822
"48201340900","Census Tract 3409, Harris County, Texas",0.1139,0.1134,0.6654,0.1073,0.391
"48201341000","Census Tract 3410, Harris County, Texas",0.0798,0.1514,0.6963,0.0725,0.2942
"48201341100","Census Tract 3411, Harris County, Texas",0.0581,0.1647,0.7116,0.0656,0.3486
"48201341201","Census Tract 3412.01, Harris County, Texas",0.0151,0.2804,0.6638,0.0407,0.3183
"48201341202","Census Tract 3412.02, Harris County, Texas",0.051,0.0215,0.8869,0.0405,0.2927
"48201341301","Census Tract 3413.01, Harris County, Texas",0.1009,0.0995,0.711,0.0886,0.1486
"48201341302","Census Tract 3413.02, Harris County, Texas",0.068,0.1657,0.655,0.1112,0.25
"48201341400","Census Tract 3414, Harris County, Texas",0.0263,0.0461,0.908,0.0196,0.1145
"48201341501","Census Tract 3415.01, Harris County, Texas",0.0127,0.0427,0.9055,0.0391,0.2261
"48201341502","Census Tract 3415.02, Harris County, Texas",0.0025,0.0612,0.9118,0.0245,0.1559
"48201341600","Census Tract 3416, Harris County, Texas",0.0397,0.0353,0.8963,0.0288,0.2123
"48201341700","Census Tract 3417, Harris County, Texas",0.0042,0.0094,0.9256,0.0608,0.1983
"48201341800","Census Tract 3418, Harris County, Texas",0.0314,0.0755,0.8397,0.0534,0.2188
"48201342001","Census Tract 3420.01, Harris County, Texas",0.052,0.0182,0.8247,0.1052,0.2956
"48201342002","Census Tract 3420.02, Harris County, Texas",0.1023,0.0107,0.8702,0.0167,0.3968
"48201342100","Census Tract 3421, Harris County, Texas",0.0333,0.0113,0.9126,0.0428,0.569
"48201342200","Census Tract 3422, Harris County, Texas",0.0026,0.0804,0.8761,0.0409,0.5831
"48201342300","Census Tract 3423, Harris County, Texas",0.0057,0.0541,0.8003,0.1399,0.6319
"48201342400","Census Tract 3424, Harris County, Texas",0,0.0279,0.8545,0.1176,0.5934
"48201342500","Census Tract 3425, Harris County, Texas",0,0.0041,0.9759,0.02,0.3004
"48201342700","Census Tract 3427, Harris County, Texas",0.0131,0.0125,0.9291,0.0454,0.2288
"48201342800","Census Tract 3428, Harris County, Texas",0.0454,0.0071,0.8745,0.0731,0.2972
"48201342900","Census Tract 3429, Harris County, Texas",0.0036,0.0025,0.8952,0.0987,0.3415
"48201343000","Census Tract 3430, Harris County, Texas",0.0176,0.0636,0.8248,0.094,0.4032
"48201343100","Census Tract 3431, Harris County, Texas",0.005,0.0163,0.8521,0.1266,0.3076
"48201343200","Census Tract 3432, Harris County, Texas",0.0028,0.0343,0.8344,0.1284,0.372
"48201343301","Census Tract 3433.01, Harris County, Texas",0.0242,0.0176,0.8663,0.0919,0.3924
"48201343302","Census Tract 3433.02, Harris County, Texas",0.0089,0.1028,0.8181,0.0702,0.2752
"48201343600","Census Tract 3436, Harris County, Texas",0.0096,0.0224,0.9071,0.0609,0.3261
"48201343700","Census Tract 3437, Harris County, Texas",0,0.1837,0.7567,0.0596,0.4047
"48201350100","Census Tract 3501, Harris County, Texas",0.2548,0.1504,0.4964,0.0984,0.3106
"48201350200","Census Tract 3502, Harris County, Texas",0.106,0.1316,0.6673,0.0951,0.5786
"48201350300","Census Tract 3503, Harris County, Texas",0.0542,0.1135,0.7501,0.0822,0.5231
"48201350400","Census Tract 3504, Harris County, Texas",0.0928,0.1408,0.5768,0.1896,0.6227
"48201350500","Census Tract 3505, Harris County, Texas",0.1728,0.166,0.4635,0.1977,0.538
"48201350601","Census Tract 3506.01, Harris County, Texas",0.0502,0.1058,0.7688,0.0751,0.2758
"48201350602","Census Tract 3506.02, Harris County, Texas",0.1041,0.1012,0.7287,0.066,0.2424
"48201350700","Census Tract 3507, Harris County, Texas",0.0077,0.069,0.8551,0.0681,0.2356
"48201350801","Census Tract 3508.01, Harris County, Texas",0.0308,0.0798,0.8078,0.0816,0.2955
"48201350802","Census Tract 3508.02, Harris County, Texas",0.1781,0.0909,0.6651,0.0659,0.2341
"48201410100","Census Tract 4101, Harris County, Texas",0.0592,0.2648,0.5683,0.1077,0.2365
"48201410200","Census Tract 4102, Harris County, Texas",0.1024,0.0133,0.8242,0.0601,0.1899
"48201410300","Census Tract 4103, Harris County, Texas",0.0964,0.0383,0.8033,0.062,0.1647
"48201410401","Census Tract 4104.01, Harris County, Texas",0.0856,0,0.8308,0.0836,0.0848
"48201410402","Census Tract 4104.02, Harris County, Texas",0.1319,0.0284,0.7974,0.0423,0.1282
"48201410500","Census Tract 4105, Harris County, Texas",0.0621,0.0195,0.8414,0.077,0.1822
"48201410600","Census Tract 4106, Harris County, Texas",0.0633,0.1466,0.7467,0.0435,0.1486
"48201410701","Census Tract 4107.01, Harris County, Texas",0.1015,0.07,0.7593,0.0692,0.1375
"48201410702","Census Tract 4107.02, Harris County, Texas",0.0889,0.1449,0.7421,0.0242,0.1478
"48201410800","Census Tract 4108, Harris County, Texas",0.0641,0.0274,0.7719,0.1365,0.1588
"48201410900","Census Tract 4109, Harris County, Texas",0.162,0.025,0.7073,0.1057,0.1335
"48201411000","Census Tract 4110, Harris County, Texas",0.13,0.0162,0.7648,0.0889,0.0879
"48201411100","Census Tract 4111, Harris County, Texas",0.1721,0.077,0.7362,0.0147,0.1476
"48201411200","Census Tract 4112, Harris County, Texas",0.0668,0,0.9177,0.0155,0.0791
"48201411300","Census Tract 4113, Harris County, Texas",0.152,0.0691,0.7137,0.0652,0.1453
"48201411400","Census Tract 4114, Harris County, Texas",0.0043,0.006,0.9794,0.0103,0.0715
"48201411501","Census Tract 4115.01, Harris County, Texas",0.1891,0.0587,0.6941,0.0581,0.1342
"48201411502","Census Tract 4115.02, Harris County, Texas",0.1368,0.0309,0.7687,0.0637,0.1741
"48201411600","Census Tract 4116, Harris County, Texas",0.04,0.0561,0.8829,0.021,0.061
"48201411700","Census Tract 4117, Harris County, Texas",0.1013,0.1824,0.6438,0.0725,0.1864
"48201411800","Census Tract 4118, Harris County, Texas",0.1252,0.0424,0.7865,0.0459,0.165
"48201411900","Census Tract 4119, Harris County, Texas",0.0667,0.0018,0.8526,0.0788,0.0667
"48201412000","Census Tract 4120, Harris County, Texas",0.0837,0.0247,0.8561,0.0355,0.1008
"48201412100","Census Tract 4121, Harris County, Texas",0.2507,0.1495,0.5374,0.0624,0.1618
"48201412200","Census Tract 4122, Harris County, Texas",0.1762,0.0274,0.7428,0.0536,0.0885
"48201412300","Census Tract 4123, Harris County, Texas",0.1203,0,0.8183,0.0613,0.0551
"48201412400","Census Tract 4124, Harris County, Texas",0.1208,0.0149,0.8384,0.0258,0.0599
"48201412500","Census Tract 4125, Harris County, Texas",0.1507,0.0206,0.7597,0.069,0.0896
"48201412600","Census Tract 4126, Harris County, Texas",0.1444,0,0.8117,0.044,0.0756
"48201412700","Census Tract 4127, Harris County, Texas",0.2226,0.0192,0.7415,0.0167,0.1105
"48201412800","Census Tract 4128, Harris County, Texas",0.2222,0.0365,0.7316,0.0097,0.0637
"48201412900","Census Tract 4129, Harris County, Texas",0.2359,0.1162,0.5158,0.1321,0.1904
"48201413000","Census Tract 4130, Harris County, Texas",0.173,0.0091,0.7379,0.0799,0.1448
"48201413100","Census Tract 4131, Harris County, Texas",0.086,0.0255,0.8115,0.0771,0.1532
"48201413201","Census Tract 4132.01, Harris County, Texas",0.2341,0.0416,0.628,0.0963,0.1889
"48201413202","Census Tract 4132.02, Harris County, Texas",0.2884,0.0621,0.5508,0.0987,0.1359
"48201413300","Census Tract 4133, Harris County, Texas",0.1468,0.1647,0.6345,0.054,0.0899
"48201420100","Census Tract 4201, Harris County, Texas",0.137,0.351,0.295,0.217,0.3836
"48201420200","Census Tract 4202, Harris County, Texas",0.0669,0.0241,0.409,0.5,0.5511
"48201420300","Census Tract 4203, Harris County, Texas",0.0439,0.1678,0.7348,0.0534,0.1166
"48201420400","Census Tract 4204, Harris County, Texas",0.0804,0.0865,0.7816,0.0516,0.1283
"48201420500","Census Tract 4205, Harris County, Texas",0.0107,0.1518,0.6538,0.1836,0.7501
"48201420600","Census Tract 4206, Harris County, Texas",0.0688,0.0981,0.673,0.1602,0.1887
"48201420700","Census Tract 4207, Harris County, Texas",0.0959,0.0592,0.8381,0.0068,0.1173
"48201420800","Census Tract 4208, Harris County, Texas",0.1814,0.0293,0.7613,0.0279,0.0907
"48201420900","Census Tract 4209, Harris County, Texas",0.2191,0.0278,0.7362,0.017,0.0849
"48201421000","Census Tract 4210, Harris County, Texas",0.2229,0.0209,0.7192,0.0369,0.071
"48201421101","Census Tract 4211.01, Harris County, Texas",0.166,0.1389,0.5977,0.0974,0.5144
"48201421102","Census Tract 4211.02, Harris County, Texas",0.0183,0.1963,0.7078,0.0775,0.739
"48201421201","Census Tract 4212.01, Harris County, Texas",0.0409,0.1883,0.6412,0.1297,0.716
"48201421202","Census Tract 4212.02, Harris County, Texas",0.005,0.0829,0.7446,0.1675,0.9088
"48201421300","Census Tract 4213, Harris County, Texas",0.1854,0.2217,0.4838,0.1092,0.422
"48201421401","Census Tract 4214.01, Harris County, Texas",0.0423,0.1779,0.5901,0.1897,0.6193
"48201421402","Census Tract 4214.02, Harris County, Texas",0.0303,0.0531,0.7537,0.1629,0.8946
"48201421403","Census Tract 4214.03, Harris County, Texas",0.0199,0.1157,0.7786,0.0858,0.8467
"48201421500","Census Tract 4215, Harris County, Texas",0.1084,0.2658,0.5498,0.076,0.5364
"48201421600","Census Tract 4216, Harris County, Texas",0.0439,0.12,0.7818,0.0542,0.7634
"48201421700","Census Tract 4217, Harris County, Texas",0.1073,0.0668,0.6615,0.1644,0.4119
"48201421800","Census Tract 4218, Harris County, Texas",0.1196,0.2796,0.483,0.1178,0.1844
"48201421900","Census Tract 4219, Harris County, Texas",0.0989,0.0207,0.8526,0.0278,0.0892
"48201422000","Census Tract 4220, Harris County, Texas",0.1526,0.0587,0.7707,0.018,0.1021
"48201422100","Census Tract 4221, Harris County, Texas",0.0451,0.1396,0.5349,0.2803,0.452
"48201422200","Census Tract 4222, Harris County, Texas",0.0015,0.6048,0.2323,0.1614,0.3394
"48201422301","Census Tract 4223.01, Harris County, Texas",0.1404,0.5186,0.143,0.1979,0.2793
"48201422302","Census Tract 4223.02, Harris County, Texas",0.0132,0.4687,0.3998,0.1183,0.2476
"48201422401","Census Tract 4224.01, Harris County, Texas",0.1101,0.459,0.2596,0.1712,0.287
"48201422402","Census Tract 4224.02, Harris County, Texas",0.026,0.0943,0.5753,0.3045,0.6968
"48201422500","Census Tract 4225, Harris County, Texas",0.024,0.2487,0.2728,0.4545,0.4766
"48201422600","Census Tract 4226, Harris County, Texas",0.0427,0.0635,0.7829,0.1109,0.5839
"48201422701","Census Tract 4227.01, Harris County, Texas",0.0352,0.0215,0.8714,0.072,0.8499
"48201422702","Census Tract 4227.02, Harris County, Texas",0.0678,0.0015,0.8478,0.0828,0.6483
"48201422800","Census Tract 4228, Harris County, Texas",0.0521,0.1987,0.6765,0.0728,0.5258
"48201422900","Census Tract 4229, Harris County, Texas",0.0516,0.1603,0.7157,0.0725,0.6381
"48201423000","Census Tract 4230, Harris County, Texas",0.0333,0.1594,0.6429,0.1644,0.6774
"48201423100","Census Tract 4231, Harris County, Texas",0,0.2254,0.6684,0.1062,0.7739
"48201423201","Census Tract 4232.01, Harris County, Texas",0.107,0.233,0.4619,0.1982,0.4203
"48201423202","Census Tract 4232.02, Harris County, Texas",0.0054,0.3819,0.2891,0.3236,0.5171
"48201423301","Census Tract 4233.01, Harris County, Texas",0.0671,0.3316,0.449,0.1523,0.2909
"48201423302","Census Tract 4233.02, Harris County, Texas",0.0293,0.4953,0.3175,0.1578,0.2779
"48201423401","Census Tract 4234.01, Harris County, Texas",0.0611,0.4345,0.3452,0.1592,0.3076
"48201423402","Census Tract 4234.02, Harris County, Texas",0.1954,0.5503,0.1446,0.1096,0.2309
"48201423500","Census Tract 4235, Harris County, Texas",0.0975,0.2429,0.5257,0.1339,0.2714
"48201423600","Census Tract 4236, Harris County, Texas",0.0449,0.508,0.2987,0.1484,0.3525
"48201430100","Census Tract 4301, Harris County, Texas",0.0641,0.0599,0.7809,0.0951,0.1893
"48201430200","Census Tract 4302, Harris County, Texas",0.0759,0.0591,0.7717,0.0934,0.2283
"48201430300","Census Tract 4303, Harris County, Texas",0.0655,0,0.921,0.0135,0.0429
